10 97 1011000
13 97 1010111
32 93 1001111
33 88 1000101
34 104 1101110
35 104 1101101
36 114 001011
37 84 1000000
38 107 1111001
39 89 1001000
40 105 1110001
41 103 1101010
42 104 1101100
43 97 1010101
44 103 1101001
45 113 001010
46 95 1010010
47 109 1111101
48 121 010111
49 101 1100110
50 107 1111010
51 110 000000
52 112 001001
53 96 1010100
54 91 1001011
55 115 001110
56 101 1100101
57 110 1111111
58 110 1111110
59 125 011011
60 89 1000111
61 111 000101
62 119 010100
63 99 1100010
64 88 1000110
65 103 1101011
66 117 010000
67 92 1001110
68 95 1010001
69 104 1101111
70 114 001101
71 121 011000
72 98 1011011
73 123 011010
74 99 1100000
75 121 010110
76 109 1111100
77 118 010010
78 106 1110101
79 96 1010011
80 84 1000001
81 90 1001010
82 112 001000
83 102 1100111
84 106 1110100
85 106 1110011
86 125 011100
87 101 1100100
88 85 1000010
89 119 010011
90 111 000001
91 95 1010000
92 79 0111110
93 106 1110111
94 97 1011010
95 116 001111
96 104 1110000
97 117 010001
98 80 0111111
99 111 000100
100 98 1011101
101 106 1110110
102 107 1111011
103 97 1010110
104 105 1110010
105 112 000111
106 112 000110
107 107 1111000
108 98 1011100
109 100 1100011
110 98 1011110
111 114 001100
112 98 1011111
113 91 1001101
114 97 1011001
115 99 1100001
116 102 1101000
117 134 011101
118 85 1000011
119 120 010101
120 89 1001001
121 86 1000100
122 122 011001
123 134 011110
124 111 000010
125 111 000011
126 91 1001100
